,1000,500,300,250,200,150,100,50,25
1000,53,33,36,26,25,25,22,20,11
500,33,46,36,29,25,26,22,19,12
300,36,36,51,33,28,26,23,22,12
250,26,29,33,41,27,26,19,21,12
200,25,25,28,27,38,25,24,23,12
150,25,26,26,26,25,34,19,18,9
100,22,22,23,19,24,19,33,22,12
50,20,19,22,21,23,18,22,29,11
25,11,12,12,12,12,9,12,11,23